[carona.jpg]
filters=radblur=1,0.500000,0.500000,-1.000000,-0.649123;
moddate=58a877c90c71d101
width=960
height=539
textactive=0
